0 0.20906 0.212921 0.212851 0.209137 0.212192 0.214241 0.209108 0.213979 0.211352 0.213542 0.212561 0.209876 0.212396 0.212168 0.210963 0.209034 0.211573 0.210904 0.214323 0.210647 0.212124 0.211366 0.21029 0.208879 0.206549 0.213261 0.212611 0.212738 0.209359 0.210103 0.212375 0.215156 0.214189 0.213702 0.210917 0.211371 0.213393 0.211053 0.210346 0.212457 0.211598 0.210535 0.211103 0.211768 0.211203 0.214361 0.209776 0.213704 0.213929 0.212422 0.212349 0.211609 0.212782 0.212298 0.212258 0.211181 0.211397 0.213314 0.210955 0.212726 0.212201 0.21313 0.210329 0.213523 0.212118 0.211441 0.212407 0.215831 0.214834 0.210879 0.21543 0.212112 0.217599 0.213224 0.21324 0.214786 0.213966 0.211825 0.217348 0.213364 0.214629 0.214299 0.212984 0.213453 0.215513 0.214119 0.214819 0.212891 
0.20906 0 0.20917 0.210823 0.209967 0.207285 0.210314 0.209698 0.211036 0.207201 0.20921 0.20912 0.209421 0.208752 0.213509 0.209605 0.208276 0.20802 0.209899 0.210732 0.207266 0.210846 0.212073 0.209062 0.209471 0.208481 0.209335 0.20928 0.210684 0.209746 0.212539 0.211123 0.212968 0.209784 0.21123 0.20923 0.208857 0.211639 0.209215 0.209236 0.21128 0.207655 0.209349 0.210924 0.205203 0.209293 0.211826 0.208938 0.21233 0.21032 0.212218 0.211082 0.210132 0.2131 0.21139 0.211392 0.2089 0.212553 0.212777 0.21207 0.209839 0.21241 0.210525 0.208769 0.214056 0.212273 0.211936 0.211853 0.212774 0.212582 0.213014 0.213018 0.21282 0.212273 0.21252 0.213955 0.215164 0.212601 0.212864 0.213633 0.211805 0.21382 0.213441 0.211293 0.212514 0.211893 0.212715 0.211879 0.210478 
0.212921 0.20917 0 0.208368 0.207945 0.207393 0.21023 0.208837 0.211461 0.209703 0.207862 0.208469 0.208703 0.207955 0.207035 0.210189 0.206693 0.207195 0.208776 0.208473 0.208071 0.210484 0.210025 0.209642 0.208962 0.206236 0.210404 0.208432 0.209625 0.207195 0.208399 0.209704 0.206543 0.211538 0.207458 0.210223 0.209534 0.210749 0.211402 0.206996 0.207586 0.210371 0.210901 0.211198 0.206722 0.211278 0.213426 0.209776 0.210624 0.210669 0.211301 0.211998 0.211717 0.209944 0.210487 0.210895 0.209991 0.209642 0.210212 0.210009 0.211832 0.211698 0.210169 0.209128 0.214882 0.213608 0.208936 0.213481 0.212525 0.211998 0.211147 0.211823 0.212725 0.214003 0.209656 0.21257 0.214544 0.212623 0.211702 0.212972 0.211524 0.212325 0.211689 0.211274 0.211205 0.210897 0.212945 0.210355 0.20867 
0.212851 0.210823 0.208368 0 0.210323 0.207047 0.2101 0.210341 0.210777 0.210752 0.207594 0.211172 0.21109 0.209075 0.207417 0.213123 0.208976 0.207599 0.210782 0.209011 0.206843 0.206797 0.208321 0.211118 0.208602 0.20819 0.210791 0.21235 0.209365 0.20565 0.208555 0.210894 0.212461 0.210094 0.206555 0.21356 0.208878 0.207039 0.207392 0.208808 0.208368 0.209782 0.210516 0.208584 0.210598 0.210747 0.211302 0.213407 0.210265 0.212267 0.210487 0.212358 0.210157 0.212889 0.213578 0.207783 0.206744 0.211088 0.215461 0.210792 0.212466 0.210696 0.209979 0.209867 0.210297 0.210412 0.211111 0.212821 0.212022 0.213181 0.208396 0.212129 0.213895 0.208903 0.211453 0.21048 0.213856 0.211825 0.210613 0.212567 0.212033 0.213086 0.210177 0.21016 0.20988 0.209727 0.213235 0.208701 0.208871 
0.209137 0.209967 0.207945 0.210323 0 0.208523 0.211032 0.207584 0.211546 0.212434 0.20784 0.208585 0.209886 0.208285 0.207912 0.211333 0.207139 0.207832 0.209341 0.209625 0.209156 0.21115 0.209548 0.210499 0.212244 0.206964 0.209908 0.211127 0.209462 0.207681 0.209664 0.210071 0.210457 0.213364 0.20908 0.210235 0.20562 0.210018 0.208689 0.210099 0.208294 0.207054 0.207104 0.211383 0.205772 0.211247 0.212292 0.209697 0.211685 0.210851 0.21182 0.213344 0.210644 0.213255 0.209514 0.210555 0.210692 0.209477 0.209645 0.210668 0.214937 0.209774 0.212209 0.208521 0.211776 0.213997 0.209602 0.213618 0.212326 0.211009 0.208912 0.209244 0.211096 0.209946 0.210626 0.21372 0.215539 0.211188 0.211393 0.215449 0.21077 0.211067 0.21081 0.212809 0.212366 0.213272 0.214391 0.208338 0.209017 
0.212192 0.207285 0.207393 0.207047 0.208523 0 0.210874 0.209571 0.210423 0.210117 0.206971 0.209391 0.209786 0.210094 0.209822 0.20653 0.208678 0.211198 0.209593 0.20867 0.206897 0.207427 0.209623 0.209381 0.209223 0.207374 0.208524 0.209807 0.210244 0.208048 0.207492 0.210971 0.208433 0.210615 0.207565 0.208841 0.208215 0.207457 0.210479 0.20968 0.209107 0.209221 0.207761 0.211156 0.207343 0.212734 0.211487 0.209554 0.210782 0.209307 0.210908 0.212379 0.208648 0.208503 0.214591 0.21094 0.207807 0.209035 0.212519 0.212169 0.211887 0.2115 0.21167 0.207602 0.210647 0.209545 0.211975 0.211362 0.211756 0.213423 0.209124 0.207691 0.210396 0.21238 0.21117 0.211352 0.212934 0.209232 0.21035 0.212781 0.214186 0.212474 0.212616 0.208607 0.211551 0.210182 0.213122 0.208497 0.210519 
0.214241 0.210314 0.21023 0.2101 0.211032 0.210874 0 0.210356 0.211774 0.21399 0.209022 0.211493 0.212882 0.209278 0.209627 0.211159 0.209836 0.206975 0.210963 0.212556 0.209838 0.21114 0.209341 0.208233 0.209046 0.210615 0.211131 0.211642 0.210206 0.210302 0.209603 0.211254 0.20817 0.211046 0.209518 0.213837 0.209175 0.211239 0.210997 0.210471 0.214093 0.210638 0.209454 0.21384 0.208961 0.210674 0.213312 0.211359 0.212367 0.213357 0.213352 0.212075 0.211438 0.211429 0.211392 0.214065 0.211453 0.210676 0.210106 0.210842 0.215801 0.213221 0.212529 0.210338 0.212704 0.21308 0.212752 0.213408 0.211843 0.211126 0.213737 0.211395 0.215201 0.211813 0.212425 0.212178 0.217469 0.209989 0.21164 0.217799 0.210886 0.212634 0.211897 0.211802 0.213609 0.211313 0.214682 0.211006 0.209822 
0.209108 0.209698 0.208837 0.210341 0.207584 0.209571 0.210356 0 0.211483 0.210469 0.209841 0.212889 0.2106 0.207447 0.209915 0.208698 0.211536 0.20751 0.208043 0.208159 0.208467 0.208552 0.21123 0.207579 0.208853 0.205455 0.2087 0.208811 0.212405 0.206879 0.208747 0.213691 0.210528 0.213115 0.211666 0.212092 0.21005 0.2137 0.212776 0.210989 0.209424 0.211074 0.207424 0.210447 0.206583 0.212229 0.213788 0.210127 0.212022 0.212015 0.211618 0.210556 0.210665 0.215208 0.208661 0.210243 0.209051 0.208893 0.215462 0.212824 0.210395 0.214595 0.214039 0.209955 0.212115 0.211706 0.209812 0.212901 0.214101 0.211015 0.2104 0.210963 0.212475 0.212296 0.209203 0.211469 0.214047 0.210242 0.212369 0.214963 0.210834 0.213313 0.211176 0.210352 0.214005 0.210988 0.214019 0.210543 0.212639 
0.213979 0.211036 0.211461 0.210777 0.211546 0.210423 0.211774 0.211483 0 0.212339 0.209497 0.211653 0.210586 0.2122 0.214261 0.212999 0.209053 0.21014 0.211915 0.210141 0.210396 0.209982 0.208661 0.211727 0.209679 0.211429 0.214334 0.21175 0.211572 0.20626 0.21288 0.213106 0.212056 0.211576 0.208945 0.211364 0.207568 0.210064 0.211333 0.208125 0.210272 0.211049 0.212832 0.214731 0.208931 0.213451 0.212295 0.21134 0.213144 0.212152 0.212834 0.214315 0.210748 0.214711 0.213662 0.214229 0.211085 0.21241 0.214183 0.212619 0.214044 0.210729 0.212658 0.209608 0.214525 0.216129 0.214431 0.214621 0.21476 0.212315 0.212693 0.216946 0.213949 0.212373 0.214287 0.213695 0.215956 0.211622 0.213151 0.217626 0.21337 0.211683 0.212059 0.215195 0.211904 0.215897 0.212889 0.213729 0.213095 
0.211352 0.207201 0.209703 0.210752 0.212434 0.210117 0.21399 0.210469 0.212339 0 0.207375 0.212877 0.213211 0.214348 0.212214 0.21209 0.210605 0.212238 0.212204 0.209416 0.210905 0.211747 0.213041 0.209431 0.21119 0.207468 0.211509 0.211618 0.211939 0.207388 0.209835 0.211817 0.212623 0.211409 0.210811 0.210317 0.212699 0.21141 0.211971 0.209694 0.209906 0.209018 0.212358 0.210644 0.210183 0.211665 0.212952 0.212875 0.216252 0.215209 0.214895 0.213838 0.212714 0.213441 0.213814 0.211713 0.212245 0.213289 0.21218 0.21255 0.213461 0.214322 0.213334 0.211879 0.213033 0.215513 0.213253 0.215723 0.215213 0.212845 0.212865 0.21231 0.21333 0.21454 0.216956 0.209421 0.215738 0.21354 0.213025 0.216556 0.216091 0.213451 0.217379 0.215672 0.211936 0.211889 0.215436 0.214313 0.215534 
0.213542 0.20921 0.207862 0.207594 0.20784 0.206971 0.209022 0.209841 0.209497 0.207375 0 0.210112 0.210727 0.209759 0.208781 0.209855 0.206221 0.209346 0.208676 0.209745 0.208472 0.208197 0.208543 0.209353 0.211376 0.209814 0.20981 0.210164 0.209683 0.20733 0.205911 0.21065 0.211341 0.212444 0.208937 0.211515 0.207618 0.209424 0.210819 0.204607 0.209301 0.208949 0.2096 0.210603 0.209047 0.210749 0.210858 0.212117 0.209225 0.211082 0.211986 0.210323 0.210002 0.211246 0.211015 0.211052 0.21003 0.20972 0.211161 0.210942 0.213661 0.211457 0.210567 0.212119 0.210094 0.213645 0.209851 0.210675 0.213754 0.211994 0.211009 0.212728 0.21291 0.211769 0.213084 0.209664 0.212681 0.210783 0.209012 0.21569 0.211331 0.211756 0.215595 0.209287 0.208414 0.211774 0.211072 0.208141 0.210454 
0.212561 0.20912 0.208469 0.211172 0.208585 0.209391 0.211493 0.212889 0.211653 0.212877 0.210112 0 0.21285 0.214371 0.215656 0.212927 0.208824 0.209098 0.212868 0.210566 0.21081 0.211156 0.210833 0.211947 0.212601 0.207743 0.214783 0.212564 0.210311 0.208885 0.210241 0.209902 0.20982 0.215059 0.213646 0.211342 0.209984 0.212192 0.210842 0.208686 0.211758 0.209033 0.211594 0.210925 0.209415 0.212741 0.215132 0.209881 0.212534 0.213975 0.213781 0.214121 0.213259 0.21481 0.212021 0.214794 0.213109 0.211004 0.212836 0.210601 0.215273 0.212515 0.214505 0.21025 0.212865 0.213957 0.213131 0.214903 0.213731 0.214032 0.212681 0.213006 0.21482 0.213182 0.213467 0.214757 0.216192 0.216035 0.211071 0.214704 0.214616 0.213818 0.212902 0.214989 0.215511 0.214106 0.214905 0.213245 0.210879 
0.209876 0.209421 0.208703 0.21109 0.209886 0.209786 0.212882 0.2106 0.210586 0.213211 0.210727 0.21285 0 0.213919 0.209253 0.212883 0.210167 0.209691 0.213291 0.212166 0.208627 0.212851 0.21142 0.211933 0.211307 0.211747 0.211297 0.209994 0.21246 0.209336 0.21196 0.208728 0.209757 0.214973 0.21021 0.212769 0.210643 0.212739 0.209105 0.209999 0.210856 0.211738 0.211236 0.216228 0.209246 0.212595 0.212884 0.211437 0.209141 0.215905 0.212089 0.212913 0.214831 0.216817 0.211558 0.211987 0.211446 0.211237 0.21451 0.213067 0.215158 0.211701 0.211762 0.211996 0.207176 0.213863 0.21383 0.213611 0.215371 0.212033 0.213543 0.212719 0.212176 0.214368 0.212094 0.213266 0.21391 0.215058 0.211853 0.216769 0.213598 0.212795 0.212329 0.213526 0.21118 0.212585 0.214971 0.211492 0.211598 
0.212396 0.208752 0.207955 0.209075 0.208285 0.210094 0.209278 0.207447 0.2122 0.214348 0.209759 0.214371 0.213919 0 0.212709 0.211354 0.209436 0.208771 0.209987 0.207437 0.208093 0.21068 0.211595 0.209463 0.211926 0.210755 0.210376 0.209237 0.211817 0.207465 0.207956 0.209972 0.209803 0.212681 0.210806 0.210084 0.209218 0.210323 0.2118 0.211837 0.21038 0.211223 0.209475 0.212456 0.211041 0.213786 0.211558 0.210735 0.209341 0.212095 0.213968 0.212465 0.210457 0.210235 0.210372 0.211262 0.212357 0.214193 0.213037 0.212056 0.213106 0.209777 0.211363 0.210369 0.213425 0.212467 0.212875 0.211133 0.211805 0.212856 0.208583 0.210488 0.212968 0.213632 0.211899 0.211043 0.212449 0.212318 0.213144 0.212286 0.211186 0.212657 0.211671 0.211795 0.211084 0.210238 0.211225 0.210759 0.213191 
0.212168 0.213509 0.207035 0.207417 0.207912 0.209822 0.209627 0.209915 0.214261 0.212214 0.208781 0.215656 0.209253 0.212709 0 0.212327 0.210452 0.210895 0.208548 0.212322 0.206747 0.21054 0.210113 0.207894 0.211927 0.20843 0.212071 0.209619 0.212381 0.209001 0.209784 0.214105 0.208014 0.211737 0.208258 0.210857 0.208583 0.210385 0.211362 0.209072 0.209156 0.20951 0.210974 0.212908 0.209891 0.209114 0.211331 0.207327 0.211107 0.212046 0.214363 0.213252 0.208327 0.211893 0.212059 0.211649 0.211749 0.210968 0.213155 0.210834 0.214311 0.211631 0.214085 0.208195 0.210237 0.212628 0.212576 0.212495 0.214079 0.214543 0.21021 0.209869 0.215659 0.214668 0.211081 0.213372 0.2179 0.213015 0.212221 0.217921 0.211383 0.216092 0.213098 0.21002 0.212736 0.211924 0.213047 0.212684 0.209433 
0.210963 0.209605 0.210189 0.213123 0.211333 0.20653 0.211159 0.208698 0.212999 0.21209 0.209855 0.212927 0.212883 0.211354 0.212327 0 0.209936 0.206911 0.210209 0.21131 0.210294 0.210053 0.211358 0.208566 0.211244 0.209864 0.209162 0.21321 0.213985 0.208059 0.213417 0.212071 0.211705 0.210731 0.210941 0.211074 0.208729 0.212438 0.210229 0.211617 0.211465 0.213087 0.211192 0.211556 0.209551 0.212104 0.212977 0.210746 0.212591 0.21282 0.21381 0.213052 0.214222 0.212043 0.211828 0.211408 0.211217 0.213559 0.209171 0.214997 0.214415 0.214709 0.211302 0.212134 0.213445 0.209992 0.213915 0.210264 0.212164 0.21311 0.216153 0.2128 0.209058 0.211464 0.212481 0.210643 0.215018 0.215882 0.210166 0.218427 0.214909 0.213785 0.214434 0.210716 0.213183 0.212119 0.213187 0.211746 0.21224 
0.209034 0.208276 0.206693 0.208976 0.207139 0.208678 0.209836 0.211536 0.209053 0.210605 0.206221 0.208824 0.210167 0.209436 0.210452 0.209936 0 0.209837 0.208617 0.208503 0.20776 0.208261 0.206028 0.20993 0.205525 0.20508 0.209599 0.210085 0.208146 0.205468 0.206568 0.208489 0.211035 0.207519 0.210241 0.211195 0.209335 0.209888 0.21017 0.209336 0.20975 0.209753 0.209423 0.211695 0.209517 0.210274 0.212326 0.209861 0.210993 0.211373 0.210586 0.207858 0.209062 0.211242 0.210005 0.207241 0.209142 0.212161 0.210641 0.209753 0.209126 0.207564 0.210395 0.209359 0.210854 0.212299 0.208053 0.211711 0.212881 0.209861 0.211331 0.207649 0.212576 0.211753 0.213915 0.210135 0.213353 0.211199 0.211352 0.212692 0.210532 0.21119 0.213351 0.211742 0.209681 0.209757 0.212099 0.209623 0.20907 
0.211573 0.20802 0.207195 0.207599 0.207832 0.211198 0.206975 0.20751 0.21014 0.212238 0.209346 0.209098 0.209691 0.208771 0.210895 0.206911 0.209837 0 0.212461 0.211654 0.211706 0.213392 0.208325 0.210234 0.210737 0.209688 0.207901 0.209891 0.210395 0.205845 0.209944 0.212118 0.212247 0.210952 0.209309 0.209763 0.208382 0.207529 0.210617 0.207345 0.21087 0.206652 0.21023 0.215214 0.207718 0.213089 0.212883 0.211205 0.210555 0.210997 0.212165 0.209981 0.212397 0.21053 0.211219 0.209274 0.210284 0.208754 0.213514 0.211283 0.211924 0.211748 0.213292 0.209745 0.211407 0.21232 0.209391 0.21618 0.210604 0.2097 0.209799 0.213688 0.211913 0.216317 0.209992 0.212331 0.214299 0.211374 0.21082 0.215504 0.211663 0.212969 0.210888 0.212353 0.211996 0.211659 0.215128 0.210952 0.2105 
0.210904 0.209899 0.208776 0.210782 0.209341 0.209593 0.210963 0.208043 0.211915 0.212204 0.208676 0.212868 0.213291 0.209987 0.208548 0.210209 0.208617 0.212461 0 0.206776 0.208836 0.207381 0.209938 0.210359 0.210389 0.20785 0.209809 0.210652 0.210158 0.208003 0.211381 0.211703 0.212547 0.212382 0.20858 0.210465 0.208321 0.212288 0.209011 0.209099 0.206336 0.209205 0.210235 0.210896 0.20873 0.210215 0.21122 0.210364 0.212476 0.213987 0.212019 0.213038 0.212444 0.20941 0.211553 0.211842 0.21127 0.213746 0.210906 0.210458 0.214444 0.211624 0.211832 0.208277 0.212063 0.212351 0.209463 0.210567 0.214382 0.210407 0.210907 0.210509 0.213269 0.213283 0.214218 0.213037 0.216638 0.209617 0.210973 0.217496 0.211326 0.212925 0.21067 0.214677 0.209062 0.212923 0.212978 0.209913 0.211886 
0.214323 0.210732 0.208473 0.209011 0.209625 0.20867 0.212556 0.208159 0.210141 0.209416 0.209745 0.210566 0.212166 0.207437 0.212322 0.21131 0.208503 0.211654 0.206776 0 0.210197 0.211011 0.209424 0.209123 0.209673 0.207065 0.212531 0.211917 0.207177 0.206074 0.210351 0.209269 0.210774 0.212194 0.21046 0.207586 0.210179 0.208984 0.208725 0.211705 0.210834 0.210636 0.213643 0.211092 0.206467 0.210629 0.209339 0.210731 0.212997 0.211616 0.211179 0.211409 0.211107 0.210931 0.210029 0.210035 0.209089 0.210669 0.212112 0.214377 0.210891 0.211544 0.211921 0.211243 0.212123 0.213613 0.210962 0.211893 0.213585 0.207287 0.214464 0.212324 0.212591 0.208914 0.212758 0.211508 0.213753 0.208576 0.212623 0.216177 0.211729 0.212595 0.212652 0.212999 0.211792 0.212447 0.212788 0.211803 0.211469 
0.210647 0.207266 0.208071 0.206843 0.209156 0.206897 0.209838 0.208467 0.210396 0.210905 0.208472 0.21081 0.208627 0.208093 0.206747 0.210294 0.20776 0.211706 0.208836 0.210197 0 0.208307 0.206537 0.209337 0.207012 0.205279 0.2099 0.210356 0.209594 0.209207 0.209575 0.207254 0.207873 0.212627 0.208681 0.209969 0.208336 0.211335 0.211143 0.208261 0.208526 0.210915 0.205168 0.211314 0.210763 0.210703 0.209049 0.207977 0.212105 0.21065 0.212523 0.211156 0.209706 0.210363 0.211896 0.209242 0.209554 0.210941 0.21038 0.214203 0.211909 0.209495 0.212035 0.208012 0.209767 0.21254 0.211579 0.211967 0.209948 0.209764 0.210923 0.209309 0.211318 0.212275 0.208656 0.212416 0.213891 0.212941 0.208635 0.216434 0.208161 0.211285 0.210149 0.211852 0.210685 0.211042 0.211399 0.209564 0.206845 
0.212124 0.210846 0.210484 0.206797 0.21115 0.207427 0.21114 0.208552 0.209982 0.211747 0.208197 0.211156 0.212851 0.21068 0.21054 0.210053 0.208261 0.213392 0.207381 0.211011 0.208307 0 0.206141 0.210538 0.212456 0.212486 0.210166 0.21138 0.21075 0.20819 0.210563 0.210691 0.211972 0.211761 0.211029 0.209209 0.208195 0.210756 0.209062 0.211627 0.210887 0.211887 0.209769 0.209983 0.209625 0.213518 0.210725 0.21284 0.211145 0.213863 0.21081 0.210821 0.210787 0.211703 0.211022 0.212652 0.209919 0.213718 0.211887 0.211308 0.211517 0.209 0.213187 0.210293 0.211939 0.211189 0.212639 0.209623 0.215793 0.213296 0.211447 0.211976 0.211537 0.213072 0.212368 0.208943 0.216735 0.214647 0.212071 0.217857 0.211303 0.215419 0.212873 0.212134 0.210513 0.214371 0.210387 0.210723 0.213019 
0.211366 0.212073 0.210025 0.208321 0.209548 0.209623 0.209341 0.21123 0.208661 0.213041 0.208543 0.210833 0.21142 0.211595 0.210113 0.211358 0.206028 0.208325 0.209938 0.209424 0.206537 0.206141 0 0.209974 0.208977 0.211063 0.209726 0.212104 0.208548 0.204314 0.211255 0.211224 0.210405 0.211775 0.207996 0.210965 0.210802 0.209428 0.211264 0.212003 0.209896 0.207459 0.209429 0.211003 0.21077 0.209429 0.211711 0.20796 0.208728 0.212264 0.210474 0.211117 0.211651 0.210563 0.208611 0.210643 0.210018 0.210309 0.212911 0.210771 0.210063 0.209946 0.212902 0.209402 0.209655 0.210247 0.210355 0.212655 0.210955 0.21014 0.212127 0.212454 0.210795 0.209789 0.211326 0.210779 0.212963 0.20949 0.209864 0.216932 0.210663 0.215631 0.210134 0.211995 0.209796 0.210944 0.210133 0.212726 0.208938 
0.21029 0.209062 0.209642 0.211118 0.210499 0.209381 0.208233 0.207579 0.211727 0.209431 0.209353 0.211947 0.211933 0.209463 0.207894 0.208566 0.20993 0.210234 0.210359 0.209123 0.209337 0.210538 0.209974 0 0.208915 0.209874 0.207171 0.207956 0.213088 0.207328 0.207036 0.211171 0.208707 0.213023 0.211575 0.210409 0.209818 0.21291 0.207396 0.208759 0.207749 0.207268 0.210869 0.212483 0.206965 0.210828 0.212651 0.206904 0.211155 0.213123 0.212564 0.208184 0.210617 0.211564 0.212274 0.211085 0.209332 0.211578 0.212268 0.211965 0.213168 0.212491 0.211604 0.205968 0.212511 0.211233 0.212421 0.209969 0.212839 0.212664 0.209729 0.210656 0.213032 0.20863 0.208966 0.2101 0.212981 0.208867 0.20937 0.213863 0.211194 0.212928 0.21241 0.212666 0.211911 0.212095 0.21314 0.207789 0.20867 
0.208879 0.209471 0.208962 0.208602 0.212244 0.209223 0.209046 0.208853 0.209679 0.21119 0.211376 0.212601 0.211307 0.211926 0.211927 0.211244 0.205525 0.210737 0.210389 0.209673 0.207012 0.212456 0.208977 0.208915 0 0.209361 0.210595 0.206675 0.207652 0.208818 0.211113 0.20782 0.21159 0.210796 0.211558 0.212129 0.20667 0.211696 0.208593 0.210649 0.210038 0.209755 0.212913 0.212812 0.20798 0.211651 0.210391 0.209954 0.210522 0.211208 0.209776 0.211615 0.208692 0.211483 0.213082 0.209794 0.207856 0.214132 0.212893 0.20988 0.210857 0.212045 0.20952 0.21389 0.211882 0.211942 0.21063 0.211724 0.213693 0.209773 0.211213 0.211618 0.211602 0.213321 0.212689 0.209223 0.213739 0.212407 0.210497 0.214075 0.209702 0.213683 0.212243 0.207232 0.212608 0.212571 0.213094 0.209869 0.208688 
0.206549 0.208481 0.206236 0.20819 0.206964 0.207374 0.210615 0.205455 0.211429 0.207468 0.209814 0.207743 0.211747 0.210755 0.20843 0.209864 0.20508 0.209688 0.20785 0.207065 0.205279 0.212486 0.211063 0.209874 0.209361 0 0.214144 0.209011 0.211252 0.208879 0.20754 0.206893 0.20852 0.212087 0.207505 0.20709 0.209999 0.212536 0.211069 0.208158 0.207644 0.211972 0.208928 0.208375 0.208581 0.213401 0.210495 0.206821 0.212613 0.2131 0.210901 0.210612 0.211086 0.210088 0.212041 0.210163 0.208302 0.209756 0.211344 0.209188 0.214629 0.210221 0.21311 0.206754 0.209826 0.208566 0.211113 0.213812 0.213981 0.21081 0.212586 0.209666 0.210843 0.21221 0.212078 0.211362 0.212285 0.212457 0.211406 0.212096 0.210684 0.211614 0.213637 0.212641 0.210627 0.20963 0.214347 0.209462 0.207766 
0.213261 0.209335 0.210404 0.210791 0.209908 0.208524 0.211131 0.2087 0.214334 0.211509 0.20981 0.214783 0.211297 0.210376 0.212071 0.209162 0.209599 0.207901 0.209809 0.212531 0.2099 0.210166 0.209726 0.207171 0.210595 0.214144 0 0.210876 0.211331 0.208112 0.208163 0.210804 0.209794 0.210804 0.212526 0.212118 0.211607 0.21106 0.209336 0.211733 0.210776 0.210959 0.207154 0.21206 0.211183 0.211955 0.211089 0.211526 0.211378 0.212668 0.212214 0.211131 0.213456 0.212986 0.211506 0.209686 0.215161 0.21287 0.212252 0.212427 0.212944 0.207716 0.213541 0.209771 0.215325 0.213745 0.210776 0.211154 0.211815 0.210663 0.21226 0.21154 0.210398 0.212161 0.212493 0.212053 0.217841 0.212949 0.212495 0.214058 0.210396 0.21255 0.214213 0.213325 0.214998 0.210757 0.213823 0.208133 0.210257 
0.212611 0.20928 0.208432 0.21235 0.211127 0.209807 0.211642 0.208811 0.21175 0.211618 0.210164 0.212564 0.209994 0.209237 0.209619 0.21321 0.210085 0.209891 0.210652 0.211917 0.210356 0.21138 0.212104 0.207956 0.206675 0.209011 0.210876 0 0.210049 0.206587 0.208612 0.210214 0.209685 0.211878 0.212354 0.208365 0.207168 0.208915 0.212786 0.210966 0.209266 0.210952 0.214335 0.211383 0.209684 0.212344 0.209125 0.211656 0.211875 0.213953 0.214891 0.211364 0.211823 0.211792 0.210215 0.210755 0.20945 0.211242 0.213273 0.214358 0.214364 0.210497 0.214668 0.20814 0.212539 0.213886 0.210326 0.213882 0.213999 0.212605 0.211538 0.211662 0.210816 0.21468 0.210379 0.211325 0.212915 0.21233 0.212584 0.216468 0.211962 0.214854 0.209969 0.212957 0.211655 0.211538 0.214442 0.211671 0.215217 
0.212738 0.210684 0.209625 0.209365 0.209462 0.210244 0.210206 0.212405 0.211572 0.211939 0.209683 0.210311 0.21246 0.211817 0.212381 0.213985 0.208146 0.210395 0.210158 0.207177 0.209594 0.21075 0.208548 0.213088 0.207652 0.211252 0.211331 0.210049 0 0.207246 0.206275 0.213856 0.208923 0.212435 0.210919 0.212892 0.211915 0.213328 0.207891 0.210807 0.20887 0.212118 0.211353 0.211891 0.209236 0.212225 0.212275 0.210144 0.213266 0.213164 0.209129 0.213736 0.210798 0.213395 0.21141 0.211894 0.209775 0.212765 0.214833 0.209788 0.212619 0.212115 0.210827 0.210858 0.212014 0.212174 0.210654 0.214197 0.210473 0.210884 0.211212 0.212183 0.21181 0.212407 0.211358 0.211115 0.21088 0.210036 0.211983 0.214278 0.212402 0.213704 0.209989 0.213479 0.214244 0.212753 0.211468 0.212242 0.211368 
0.209359 0.209746 0.207195 0.20565 0.207681 0.208048 0.210302 0.206879 0.20626 0.207388 0.20733 0.208885 0.209336 0.207465 0.209001 0.208059 0.205468 0.205845 0.208003 0.206074 0.209207 0.20819 0.204314 0.207328 0.208818 0.208879 0.208112 0.206587 0.207246 0 0.209264 0.206367 0.209788 0.210039 0.20717 0.208604 0.207457 0.209336 0.206668 0.207646 0.207566 0.206234 0.210009 0.209579 0.206654 0.208364 0.209642 0.209571 0.209274 0.21115 0.207258 0.210208 0.210747 0.209393 0.210799 0.206518 0.210132 0.207535 0.210594 0.209819 0.20941 0.208002 0.210597 0.207737 0.208756 0.210163 0.206978 0.214706 0.208994 0.207395 0.206379 0.210786 0.210935 0.210162 0.211254 0.208877 0.212917 0.21028 0.210728 0.211528 0.210866 0.208592 0.211268 0.213325 0.209186 0.212343 0.208487 0.209344 0.21066 
0.210103 0.212539 0.208399 0.208555 0.209664 0.207492 0.209603 0.208747 0.21288 0.209835 0.205911 0.210241 0.21196 0.207956 0.209784 0.213417 0.206568 0.209944 0.211381 0.210351 0.209575 0.210563 0.211255 0.207036 0.211113 0.20754 0.208163 0.208612 0.206275 0.209264 0 0.210779 0.208392 0.209278 0.208705 0.21051 0.207488 0.209086 0.211893 0.208043 0.21178 0.209905 0.210863 0.213827 0.208167 0.210654 0.213446 0.20871 0.212558 0.213083 0.211967 0.21134 0.207379 0.211581 0.209154 0.209423 0.211345 0.210665 0.211752 0.210594 0.212866 0.210521 0.212251 0.209143 0.21088 0.214093 0.209467 0.211863 0.213942 0.214991 0.209846 0.210701 0.212693 0.211146 0.212338 0.209178 0.215376 0.211231 0.211694 0.215151 0.21207 0.21154 0.212296 0.21143 0.212659 0.211811 0.210474 0.210353 0.211065 
0.212375 0.211123 0.209704 0.210894 0.210071 0.210971 0.211254 0.213691 0.213106 0.211817 0.21065 0.209902 0.208728 0.209972 0.214105 0.212071 0.208489 0.212118 0.211703 0.209269 0.207254 0.210691 0.211224 0.211171 0.20782 0.206893 0.210804 0.210214 0.213856 0.206367 0.210779 0 0.208878 0.209217 0.211841 0.211737 0.210769 0.209462 0.210904 0.210077 0.209899 0.210576 0.211127 0.21055 0.210576 0.21219 0.210406 0.210386 0.213456 0.214538 0.215309 0.210123 0.21072 0.211239 0.210943 0.210329 0.209262 0.212295 0.214138 0.212255 0.212628 0.211873 0.210234 0.208008 0.212375 0.214533 0.212353 0.213749 0.213902 0.21282 0.212653 0.211543 0.213348 0.212093 0.212999 0.210939 0.213777 0.211863 0.211144 0.212518 0.21297 0.211523 0.212176 0.212865 0.212053 0.214432 0.211379 0.208848 0.209145 
0.215156 0.212968 0.206543 0.212461 0.210457 0.208433 0.20817 0.210528 0.212056 0.212623 0.211341 0.20982 0.209757 0.209803 0.208014 0.211705 0.211035 0.212247 0.212547 0.210774 0.207873 0.211972 0.210405 0.208707 0.21159 0.20852 0.209794 0.209685 0.208923 0.209788 0.208392 0.208878 0 0.213014 0.211921 0.209317 0.211088 0.210035 0.211135 0.210914 0.210522 0.210868 0.210317 0.211966 0.206961 0.211239 0.210988 0.211297 0.211883 0.213038 0.212171 0.212814 0.210555 0.210979 0.211825 0.209944 0.209681 0.209866 0.213868 0.211066 0.212718 0.209899 0.212784 0.210365 0.212508 0.211061 0.211776 0.212913 0.212967 0.212857 0.210603 0.211784 0.210886 0.211943 0.210063 0.214394 0.215284 0.210652 0.212145 0.214892 0.213317 0.212691 0.21447 0.214164 0.210888 0.211214 0.212294 0.211491 0.210562 
0.214189 0.209784 0.211538 0.210094 0.213364 0.210615 0.211046 0.213115 0.211576 0.211409 0.212444 0.215059 0.214973 0.212681 0.211737 0.210731 0.207519 0.210952 0.212382 0.212194 0.212627 0.211761 0.211775 0.213023 0.210796 0.212087 0.210804 0.211878 0.212435 0.210039 0.209278 0.209217 0.213014 0 0.214078 0.212586 0.211615 0.212141 0.214594 0.211534 0.212411 0.211549 0.207767 0.214954 0.210692 0.212219 0.213041 0.212583 0.211246 0.211701 0.214918 0.212076 0.212144 0.211422 0.211351 0.21233 0.210498 0.214639 0.213712 0.21491 0.21504 0.211822 0.212151 0.213835 0.215438 0.212697 0.212263 0.214866 0.211863 0.212849 0.216583 0.212619 0.213218 0.213877 0.21441 0.212323 0.216758 0.211833 0.215101 0.216966 0.214174 0.214941 0.215705 0.216032 0.213089 0.213731 0.214909 0.212141 0.213935 
0.213702 0.21123 0.207458 0.206555 0.20908 0.207565 0.209518 0.211666 0.208945 0.210811 0.208937 0.213646 0.21021 0.210806 0.208258 0.210941 0.210241 0.209309 0.20858 0.21046 0.208681 0.211029 0.207996 0.211575 0.211558 0.207505 0.212526 0.212354 0.210919 0.20717 0.208705 0.211841 0.211921 0.214078 0 0.207277 0.209777 0.210229 0.210352 0.207895 0.209796 0.209082 0.210351 0.213051 0.20751 0.210934 0.211761 0.20949 0.212525 0.212133 0.210193 0.20947 0.213268 0.211808 0.211383 0.210121 0.214319 0.211301 0.213647 0.212891 0.211493 0.211644 0.212997 0.207929 0.211825 0.213266 0.211984 0.212658 0.212396 0.21162 0.213692 0.211388 0.212831 0.213283 0.215203 0.210336 0.212361 0.215242 0.212814 0.215041 0.211919 0.212192 0.214347 0.210453 0.211069 0.212073 0.21043 0.209222 0.212945 
0.210917 0.20923 0.210223 0.21356 0.210235 0.208841 0.213837 0.212092 0.211364 0.210317 0.211515 0.211342 0.212769 0.210084 0.210857 0.211074 0.211195 0.209763 0.210465 0.207586 0.209969 0.209209 0.210965 0.210409 0.212129 0.20709 0.212118 0.208365 0.212892 0.208604 0.21051 0.211737 0.209317 0.212586 0.207277 0 0.21047 0.210377 0.211698 0.209163 0.20943 0.210551 0.208815 0.21196 0.209252 0.212259 0.213864 0.207605 0.212395 0.212832 0.214008 0.211486 0.210889 0.212426 0.211234 0.211688 0.211929 0.209613 0.214637 0.213336 0.21577 0.209945 0.212344 0.206592 0.213505 0.213191 0.211882 0.211401 0.214598 0.214846 0.209222 0.212234 0.212149 0.216451 0.213897 0.212713 0.21829 0.212869 0.210357 0.215908 0.21269 0.2112 0.213682 0.213055 0.212276 0.210383 0.217028 0.209014 0.208549 
0.211371 0.208857 0.209534 0.208878 0.20562 0.208215 0.209175 0.21005 0.207568 0.212699 0.207618 0.209984 0.210643 0.209218 0.208583 0.208729 0.209335 0.208382 0.208321 0.210179 0.208336 0.208195 0.210802 0.209818 0.20667 0.209999 0.211607 0.207168 0.211915 0.207457 0.207488 0.210769 0.211088 0.211615 0.209777 0.21047 0 0.209089 0.210074 0.208867 0.207055 0.210339 0.207908 0.209476 0.208097 0.210716 0.211241 0.209474 0.209903 0.210237 0.211141 0.209629 0.211191 0.208809 0.211495 0.209543 0.21031 0.211008 0.209113 0.211126 0.210939 0.210901 0.211135 0.208222 0.213036 0.214584 0.211222 0.209079 0.214347 0.214895 0.210483 0.21687 0.209298 0.21145 0.208812 0.211449 0.215903 0.210412 0.210105 0.214613 0.210349 0.215248 0.209409 0.211414 0.209999 0.209735 0.212643 0.20966 0.20902 
0.213393 0.211639 0.210749 0.207039 0.210018 0.207457 0.211239 0.2137 0.210064 0.21141 0.209424 0.212192 0.212739 0.210323 0.210385 0.212438 0.209888 0.207529 0.212288 0.208984 0.211335 0.210756 0.209428 0.21291 0.211696 0.212536 0.21106 0.208915 0.213328 0.209336 0.209086 0.209462 0.210035 0.212141 0.210229 0.210377 0.209089 0 0.20767 0.208224 0.20932 0.212093 0.212826 0.212308 0.208946 0.211839 0.210765 0.212057 0.212315 0.214349 0.211165 0.212219 0.21278 0.211516 0.213326 0.211383 0.209853 0.21236 0.213952 0.21365 0.21197 0.209279 0.21122 0.210185 0.213879 0.213201 0.212209 0.213037 0.21158 0.210416 0.211826 0.211238 0.214299 0.213096 0.214949 0.209936 0.215373 0.213962 0.212452 0.218213 0.216132 0.213129 0.214122 0.213097 0.212887 0.212824 0.213249 0.210074 0.210846 
0.211053 0.209215 0.211402 0.207392 0.208689 0.210479 0.210997 0.212776 0.211333 0.211971 0.210819 0.210842 0.209105 0.2118 0.211362 0.210229 0.21017 0.210617 0.209011 0.208725 0.211143 0.209062 0.211264 0.207396 0.208593 0.211069 0.209336 0.212786 0.207891 0.206668 0.211893 0.210904 0.211135 0.214594 0.210352 0.211698 0.210074 0.20767 0 0.209417 0.212661 0.211693 0.210545 0.211614 0.211731 0.209644 0.212712 0.21231 0.211115 0.212158 0.212158 0.214035 0.212073 0.212623 0.212317 0.208944 0.21107 0.210062 0.212298 0.210883 0.213739 0.209683 0.212109 0.21091 0.210018 0.213985 0.213172 0.213435 0.212549 0.211876 0.209343 0.213928 0.213204 0.211567 0.212816 0.210794 0.215196 0.211393 0.210723 0.216151 0.211729 0.212402 0.210446 0.211353 0.211786 0.215274 0.214561 0.207791 0.210184 
0.210346 0.209236 0.206996 0.208808 0.210099 0.20968 0.210471 0.210989 0.208125 0.209694 0.204607 0.208686 0.209999 0.211837 0.209072 0.211617 0.209336 0.207345 0.209099 0.211705 0.208261 0.211627 0.212003 0.208759 0.210649 0.208158 0.211733 0.210966 0.210807 0.207646 0.208043 0.210077 0.210914 0.211534 0.207895 0.209163 0.208867 0.208224 0.209417 0 0.209366 0.208874 0.210129 0.210764 0.207707 0.210518 0.211596 0.209061 0.214689 0.21421 0.214735 0.210934 0.213592 0.213118 0.212414 0.20929 0.213092 0.210138 0.215331 0.211508 0.212139 0.21221 0.211166 0.209746 0.213427 0.21319 0.212974 0.213316 0.211947 0.211715 0.209429 0.211455 0.210996 0.21172 0.211908 0.212464 0.213188 0.211618 0.212228 0.21664 0.213926 0.212869 0.211362 0.211368 0.208328 0.211188 0.214342 0.211358 0.210379 
0.212457 0.21128 0.207586 0.208368 0.208294 0.209107 0.214093 0.209424 0.210272 0.209906 0.209301 0.211758 0.210856 0.21038 0.209156 0.211465 0.20975 0.21087 0.206336 0.210834 0.208526 0.210887 0.209896 0.207749 0.210038 0.207644 0.210776 0.209266 0.20887 0.207566 0.21178 0.209899 0.210522 0.212411 0.209796 0.20943 0.207055 0.20932 0.212661 0.209366 0 0.209957 0.209605 0.209727 0.207914 0.210785 0.211453 0.209667 0.208012 0.212414 0.212297 0.208786 0.212717 0.209453 0.211779 0.212903 0.212554 0.21108 0.212849 0.209973 0.215125 0.21225 0.211216 0.209402 0.211072 0.211597 0.213169 0.213416 0.210023 0.214041 0.211082 0.211814 0.210884 0.211779 0.211628 0.215281 0.214719 0.211362 0.210742 0.213924 0.213274 0.21369 0.212122 0.211494 0.211001 0.212121 0.213222 0.208648 0.208881 
0.211598 0.207655 0.210371 0.209782 0.207054 0.209221 0.210638 0.211074 0.211049 0.209018 0.208949 0.209033 0.211738 0.211223 0.20951 0.213087 0.209753 0.206652 0.209205 0.210636 0.210915 0.211887 0.207459 0.207268 0.209755 0.211972 0.210959 0.210952 0.212118 0.206234 0.209905 0.210576 0.210868 0.211549 0.209082 0.210551 0.210339 0.212093 0.211693 0.208874 0.209957 0 0.21096 0.210298 0.208974 0.210535 0.210026 0.207771 0.207323 0.213747 0.212287 0.211928 0.209019 0.211364 0.212834 0.208988 0.208129 0.212796 0.212771 0.2091 0.212001 0.210045 0.211019 0.209645 0.211849 0.213137 0.211673 0.21164 0.210601 0.212557 0.211124 0.214351 0.213409 0.21074 0.212162 0.211499 0.211941 0.212668 0.209259 0.212415 0.211034 0.212036 0.20805 0.210786 0.207384 0.209342 0.211251 0.208691 0.21019 
0.210535 0.209349 0.210901 0.210516 0.207104 0.207761 0.209454 0.207424 0.212832 0.212358 0.2096 0.211594 0.211236 0.209475 0.210974 0.211192 0.209423 0.21023 0.210235 0.213643 0.205168 0.209769 0.209429 0.210869 0.212913 0.208928 0.207154 0.214335 0.211353 0.210009 0.210863 0.211127 0.210317 0.207767 0.210351 0.208815 0.207908 0.212826 0.210545 0.210129 0.209605 0.21096 0 0.212241 0.207345 0.211653 0.213791 0.210225 0.213092 0.214154 0.212884 0.213179 0.214707 0.209179 0.209972 0.209481 0.211704 0.213183 0.211662 0.212394 0.211426 0.212484 0.212632 0.211664 0.213458 0.212726 0.211979 0.208427 0.214652 0.211266 0.213007 0.211429 0.211702 0.214022 0.21042 0.215444 0.21691 0.211683 0.211398 0.218352 0.210853 0.212076 0.212826 0.212873 0.209489 0.211251 0.214593 0.210856 0.209542 
0.211103 0.210924 0.211198 0.208584 0.211383 0.211156 0.21384 0.210447 0.214731 0.210644 0.210603 0.210925 0.216228 0.212456 0.212908 0.211556 0.211695 0.215214 0.210896 0.211092 0.211314 0.209983 0.211003 0.212483 0.212812 0.208375 0.21206 0.211383 0.211891 0.209579 0.213827 0.21055 0.211966 0.214954 0.213051 0.21196 0.209476 0.212308 0.211614 0.210764 0.209727 0.210298 0.212241 0 0.210841 0.214343 0.21467 0.209648 0.211894 0.213678 0.215006 0.216431 0.211248 0.213323 0.210971 0.211492 0.213832 0.214889 0.214886 0.216752 0.213631 0.212803 0.216058 0.213031 0.213655 0.213447 0.212998 0.211502 0.212473 0.215265 0.212649 0.214536 0.211361 0.214 0.213358 0.213324 0.214815 0.214477 0.213595 0.217185 0.215096 0.215824 0.2125 0.216316 0.212498 0.213808 0.216935 0.214434 0.214584 
0.211768 0.205203 0.206722 0.210598 0.205772 0.207343 0.208961 0.206583 0.208931 0.210183 0.209047 0.209415 0.209246 0.211041 0.209891 0.209551 0.209517 0.207718 0.20873 0.206467 0.210763 0.209625 0.21077 0.206965 0.20798 0.208581 0.211183 0.209684 0.209236 0.206654 0.208167 0.210576 0.206961 0.210692 0.20751 0.209252 0.208097 0.208946 0.211731 0.207707 0.207914 0.208974 0.207345 0.210841 0 0.20838 0.213792 0.207939 0.210981 0.212494 0.212723 0.211792 0.212099 0.212183 0.210846 0.210906 0.209765 0.210308 0.212135 0.208841 0.212049 0.210176 0.213924 0.208753 0.212297 0.212845 0.212442 0.210805 0.2115 0.211381 0.210967 0.211966 0.211926 0.212808 0.211541 0.213032 0.214066 0.20891 0.20782 0.215563 0.208581 0.210476 0.211076 0.211761 0.212048 0.211388 0.212807 0.210141 0.209236 
0.211203 0.209293 0.211278 0.210747 0.211247 0.212734 0.210674 0.212229 0.213451 0.211665 0.210749 0.212741 0.212595 0.213786 0.209114 0.212104 0.210274 0.213089 0.210215 0.210629 0.210703 0.213518 0.209429 0.210828 0.211651 0.213401 0.211955 0.212344 0.212225 0.208364 0.210654 0.21219 0.211239 0.212219 0.210934 0.212259 0.210716 0.211839 0.209644 0.210518 0.210785 0.210535 0.211653 0.214343 0.20838 0 0.209609 0.207997 0.207436 0.206957 0.208494 0.209053 0.207659 0.207984 0.21066 0.20724 0.208315 0.206517 0.20846 0.207811 0.209758 0.205794 0.20924 0.203585 0.210409 0.209117 0.208997 0.207012 0.212952 0.208445 0.206065 0.209743 0.21203 0.210553 0.209825 0.208655 0.213699 0.209463 0.210471 0.213222 0.208414 0.208577 0.20928 0.210045 0.208421 0.211908 0.209809 0.211237 0.207385 
0.214361 0.211826 0.213426 0.211302 0.212292 0.211487 0.213312 0.213788 0.212295 0.212952 0.210858 0.215132 0.212884 0.211558 0.211331 0.212977 0.212326 0.212883 0.21122 0.209339 0.209049 0.210725 0.211711 0.212651 0.210391 0.210495 0.211089 0.209125 0.212275 0.209642 0.213446 0.210406 0.210988 0.213041 0.211761 0.213864 0.211241 0.210765 0.212712 0.211596 0.211453 0.210026 0.213791 0.21467 0.213792 0.209609 0 0.209387 0.209963 0.208645 0.209943 0.209213 0.209901 0.210399 0.209614 0.208154 0.210481 0.211965 0.211368 0.208179 0.213206 0.20826 0.208737 0.204398 0.210979 0.208858 0.211082 0.212158 0.211629 0.210202 0.209335 0.211353 0.211125 0.211071 0.208933 0.21013 0.213983 0.211126 0.211309 0.213575 0.207256 0.212631 0.210569 0.210663 0.210138 0.206561 0.20845 0.208716 0.208292 
0.209776 0.208938 0.209776 0.213407 0.209697 0.209554 0.211359 0.210127 0.21134 0.212875 0.212117 0.209881 0.211437 0.210735 0.207327 0.210746 0.209861 0.211205 0.210364 0.210731 0.207977 0.21284 0.20796 0.206904 0.209954 0.206821 0.211526 0.211656 0.210144 0.209571 0.20871 0.210386 0.211297 0.212583 0.20949 0.207605 0.209474 0.212057 0.21231 0.209061 0.209667 0.207771 0.210225 0.209648 0.207939 0.207997 0.209387 0 0.210276 0.209571 0.210453 0.207895 0.208679 0.209322 0.207963 0.207347 0.206403 0.203425 0.20975 0.209832 0.211029 0.205077 0.2116 0.204962 0.209981 0.207105 0.208873 0.208388 0.210526 0.20973 0.208404 0.205085 0.208911 0.208139 0.210465 0.208505 0.21212 0.211239 0.208307 0.214152 0.209882 0.210793 0.207546 0.210554 0.208767 0.207775 0.209686 0.208724 0.205223 
0.213704 0.21233 0.210624 0.210265 0.211685 0.210782 0.212367 0.212022 0.213144 0.216252 0.209225 0.212534 0.209141 0.209341 0.211107 0.212591 0.210993 0.210555 0.212476 0.212997 0.212105 0.211145 0.208728 0.211155 0.210522 0.212613 0.211378 0.211875 0.213266 0.209274 0.212558 0.213456 0.211883 0.211246 0.212525 0.212395 0.209903 0.212315 0.211115 0.214689 0.208012 0.207323 0.213092 0.211894 0.210981 0.207436 0.209963 0.210276 0 0.207698 0.207739 0.208671 0.207911 0.209807 0.209091 0.206449 0.209131 0.209628 0.209175 0.206697 0.209547 0.209333 0.204989 0.205098 0.209257 0.208647 0.208659 0.20738 0.210429 0.211997 0.208298 0.207326 0.213011 0.210923 0.209825 0.206632 0.212945 0.20964 0.205015 0.208022 0.210084 0.209018 0.210613 0.20932 0.207884 0.207037 0.205797 0.209782 0.207683 
0.213929 0.21032 0.210669 0.212267 0.210851 0.209307 0.213357 0.212015 0.212152 0.215209 0.211082 0.213975 0.215905 0.212095 0.212046 0.21282 0.211373 0.210997 0.213987 0.211616 0.21065 0.213863 0.212264 0.213123 0.211208 0.2131 0.212668 0.213953 0.213164 0.21115 0.213083 0.214538 0.213038 0.211701 0.212133 0.212832 0.210237 0.214349 0.212158 0.21421 0.212414 0.213747 0.214154 0.213678 0.212494 0.206957 0.208645 0.209571 0.207698 0 0.211495 0.210949 0.209693 0.209967 0.208805 0.208914 0.208341 0.209194 0.208644 0.21041 0.211243 0.209916 0.207573 0.208476 0.211503 0.208677 0.210977 0.208408 0.213667 0.205959 0.208799 0.211735 0.212952 0.209885 0.20928 0.211332 0.216393 0.211407 0.210429 0.210663 0.209593 0.208808 0.211887 0.211108 0.212279 0.213151 0.208874 0.209149 0.208259 
